   8.5306900e-02   0.0000000e+00   0.0000000e+00   3.1264251e-02   3.6542143e-02   0.0000000e+00  -2.0725476e-01
   0.0000000e+00   0.0000000e+00   6.7503649e+00   0.0000000e+00   0.0000000e+00   1.2513406e-01   0.0000000e+00
  -4.2005850e+01   0.0000000e+00   0.0000000e+00   0.0000000e+00   4.0405867e-01   0.0000000e+00   1.7785926e+00
   0.0000000e+00   3.5473191e+01   1.6459393e+00   0.0000000e+00   0.0000000e+00   9.9848973e-02   0.0000000e+00
  -3.1893105e+01   0.0000000e+00   0.0000000e+00   1.0487058e-05   9.8099745e-04   0.0000000e+00   1.6831704e-01
   0.0000000e+00  -1.5032764e+00  -2.6438606e+00   0.0000000e+00   0.0000000e+00  -3.7263999e-02   0.0000000e+00
   0.0000000e+00   0.0000000e+00   0.0000000e+00   0.0000000e+00   0.0000000e+00   0.0000000e+00   0.0000000e+00
   0.0000000e+00   0.0000000e+00   0.0000000e+00   0.0000000e+00   0.0000000e+00   0.0000000e+00   0.0000000e+00
   0.0000000e+00   0.0000000e+00   0.0000000e+00   0.0000000e+00   0.0000000e+00   0.0000000e+00   0.0000000e+00
   0.0000000e+00   0.0000000e+00   0.0000000e+00   0.0000000e+00   0.0000000e+00   0.0000000e+00   0.0000000e+00
   0.0000000e+00   0.0000000e+00   0.0000000e+00   0.0000000e+00   0.0000000e+00   0.0000000e+00   0.0000000e+00
   0.0000000e+00   0.0000000e+00   0.0000000e+00   0.0000000e+00   0.0000000e+00   0.0000000e+00   0.0000000e+00
