   2.1816731e-01   0.0000000e+00   0.0000000e+00   6.0785080e+01   8.7950181e-02   0.0000000e+00  -1.2146148e+00
   0.0000000e+00   0.0000000e+00   7.0896189e+00   0.0000000e+00   0.0000000e+00   5.5025074e-01   0.0000000e+00
  -6.9539272e+00   0.0000000e+00   0.0000000e+00   0.0000000e+00   2.1272579e+00   0.0000000e+00   4.5354364e+00
   0.0000000e+00   1.0726795e+02   6.9835967e+00   0.0000000e+00   0.0000000e+00   3.7298105e-01   0.0000000e+00
  -3.5240111e+01   0.0000000e+00   0.0000000e+00   3.5161983e-01  -7.8258988e-02   0.0000000e+00   6.2528004e-01
   0.0000000e+00  -1.2162589e+01  -1.9259297e+01   0.0000000e+00   0.0000000e+00  -9.3055552e-01   0.0000000e+00
   0.0000000e+00   0.0000000e+00   0.0000000e+00   0.0000000e+00   0.0000000e+00   0.0000000e+00   0.0000000e+00
   0.0000000e+00   0.0000000e+00   0.0000000e+00   0.0000000e+00   0.0000000e+00   0.0000000e+00   0.0000000e+00
   0.0000000e+00   0.0000000e+00   0.0000000e+00   0.0000000e+00   0.0000000e+00   0.0000000e+00   0.0000000e+00
   0.0000000e+00   0.0000000e+00   0.0000000e+00   0.0000000e+00   0.0000000e+00   0.0000000e+00   0.0000000e+00
   0.0000000e+00   0.0000000e+00   0.0000000e+00   0.0000000e+00   0.0000000e+00   0.0000000e+00   0.0000000e+00
   0.0000000e+00   0.0000000e+00   0.0000000e+00   0.0000000e+00   0.0000000e+00   0.0000000e+00   0.0000000e+00
