  -2.7437431e-01   0.0000000e+00   1.1864835e+00   0.0000000e+00  -4.4296552e+00   0.0000000e+00   0.0000000e+00  -3.1760716e+01   0.0000000e+00   0.0000000e+00   0.0000000e+00  -2.2498429e-05
   0.0000000e+00  -5.5213925e-01   0.0000000e+00   4.4883075e+00   0.0000000e+00  -2.8949940e+01   3.1760716e+01   0.0000000e+00   0.0000000e+00   0.0000000e+00   0.0000000e+00   0.0000000e+00
  -1.4018694e+00   0.0000000e+00  -4.8094298e+00   0.0000000e+00   2.8147821e+01   0.0000000e+00   0.0000000e+00  -4.9256248e+00   0.0000000e+00   0.0000000e+00   0.0000000e+00   9.3970948e-04
   0.0000000e+00  -3.1371172e+00   0.0000000e+00  -1.9760786e+01   0.0000000e+00   9.3490624e+00   0.0000000e+00   0.0000000e+00   0.0000000e+00   0.0000000e+00   0.0000000e+00   0.0000000e+00
   1.7384015e-01   0.0000000e+00  -6.0570721e-01   0.0000000e+00  -4.6644680e+00   0.0000000e+00   0.0000000e+00  -1.3391173e-03   0.0000000e+00   0.0000000e+00   0.0000000e+00  -3.5637126e-05
   0.0000000e+00   9.3055552e-01   0.0000000e+00  -2.1804283e+00   0.0000000e+00  -3.1698366e+00   0.0000000e+00   0.0000000e+00   0.0000000e+00   0.0000000e+00   0.0000000e+00   0.0000000e+00
   0.0000000e+00   0.0000000e+00   0.0000000e+00   1.0000000e+00   0.0000000e+00   1.5622412e-01   0.0000000e+00   0.0000000e+00   0.0000000e+00   0.0000000e+00   0.0000000e+00   0.0000000e+00
   0.0000000e+00   0.0000000e+00   0.0000000e+00   0.0000000e+00   1.0000000e+00   0.0000000e+00   0.0000000e+00   0.0000000e+00   0.0000000e+00   0.0000000e+00   0.0000000e+00   0.0000000e+00
   0.0000000e+00   0.0000000e+00   0.0000000e+00   0.0000000e+00   0.0000000e+00   1.0121294e+00   0.0000000e+00   0.0000000e+00   0.0000000e+00   0.0000000e+00   0.0000000e+00   0.0000000e+00
   9.8801593e-01   0.0000000e+00   1.5435192e-01   0.0000000e+00   0.0000000e+00   0.0000000e+00   0.0000000e+00   1.5380093e-10   0.0000000e+00   0.0000000e+00   0.0000000e+00   0.0000000e+00
   0.0000000e+00   1.0000000e+00   0.0000000e+00   0.0000000e+00   0.0000000e+00   0.0000000e+00  -4.6691456e+00   0.0000000e+00   3.0250000e+01   0.0000000e+00   0.0000000e+00   0.0000000e+00
   1.5435192e-01   0.0000000e+00  -9.8801593e-01   0.0000000e+00   0.0000000e+00   0.0000000e+00   0.0000000e+00   3.0250000e+01   0.0000000e+00   0.0000000e+00   0.0000000e+00   0.0000000e+00
