  -1.0523841e-01   0.0000000e+00   6.1990199e-01   0.0000000e+00  -4.6483876e+00   0.0000000e+00   0.0000000e+00  -3.2051481e+01   0.0000000e+00   0.0000000e+00   0.0000000e+00   1.1812418e-05
   0.0000000e+00  -3.6282597e-01   0.0000000e+00   4.7331516e+00   0.0000000e+00  -6.2959730e+01   3.2051481e+01   0.0000000e+00   0.0000000e+00   0.0000000e+00   0.0000000e+00   0.0000000e+00
  -6.1945508e-01   0.0000000e+00  -4.8726591e+00   0.0000000e+00   5.9321153e+01   0.0000000e+00   0.0000000e+00  -2.4305970e+00   0.0000000e+00   0.0000000e+00   0.0000000e+00   9.2589495e-04
   0.0000000e+00  -3.6969587e-01   0.0000000e+00  -1.5428122e+01   0.0000000e+00   7.4433331e+00   0.0000000e+00   0.0000000e+00   0.0000000e+00   0.0000000e+00   0.0000000e+00   0.0000000e+00
   8.8012122e-02   0.0000000e+00  -7.3281435e-01   0.0000000e+00  -7.3897762e+00   0.0000000e+00   0.0000000e+00  -1.2773127e-03   0.0000000e+00   0.0000000e+00   0.0000000e+00  -2.9635733e-05
   0.0000000e+00   2.0455832e-01   0.0000000e+00  -4.4636073e-01   0.0000000e+00  -1.0331521e+00   0.0000000e+00   0.0000000e+00   0.0000000e+00   0.0000000e+00   0.0000000e+00   0.0000000e+00
   0.0000000e+00   0.0000000e+00   0.0000000e+00   1.0000000e+00   0.0000000e+00   7.7086585e-02   0.0000000e+00   0.0000000e+00   0.0000000e+00   0.0000000e+00   0.0000000e+00   0.0000000e+00
   0.0000000e+00   0.0000000e+00   0.0000000e+00   0.0000000e+00   1.0000000e+00   0.0000000e+00   0.0000000e+00   0.0000000e+00   0.0000000e+00   0.0000000e+00   0.0000000e+00   0.0000000e+00
   0.0000000e+00   0.0000000e+00   0.0000000e+00   0.0000000e+00   0.0000000e+00   1.0029668e+00   0.0000000e+00   0.0000000e+00   0.0000000e+00   0.0000000e+00   0.0000000e+00   0.0000000e+00
   9.9704201e-01   0.0000000e+00   7.6858564e-02   0.0000000e+00   0.0000000e+00   0.0000000e+00   0.0000000e+00   0.0000000e+00   0.0000000e+00   0.0000000e+00   0.0000000e+00   0.0000000e+00
   0.0000000e+00   1.0000000e+00   0.0000000e+00   0.0000000e+00   0.0000000e+00   0.0000000e+00  -4.9189481e+00   0.0000000e+00   6.4000000e+01   0.0000000e+00   0.0000000e+00   0.0000000e+00
   7.6858564e-02   0.0000000e+00  -9.9704201e-01   0.0000000e+00   0.0000000e+00   0.0000000e+00   0.0000000e+00   6.4000000e+01   0.0000000e+00   0.0000000e+00   0.0000000e+00   0.0000000e+00
