  -4.7847336e-02   0.0000000e+00   2.0494022e-01   0.0000000e+00  -8.4575497e+00   0.0000000e+00   0.0000000e+00  -3.2089413e+01   0.0000000e+00   0.0000000e+00   0.0000000e+00   4.0191648e-05
   0.0000000e+00  -1.2513406e-01   0.0000000e+00   8.3342826e+00   0.0000000e+00  -1.5693657e+02   3.2089413e+01   0.0000000e+00   0.0000000e+00   0.0000000e+00   0.0000000e+00   0.0000000e+00
  -3.0597086e-01   0.0000000e+00  -1.7980662e+00   0.0000000e+00   1.5283779e+02   0.0000000e+00   0.0000000e+00  -1.7474799e+00   0.0000000e+00   0.0000000e+00   0.0000000e+00   9.5227214e-04
   0.0000000e+00  -9.9848973e-02   0.0000000e+00  -1.1132727e+01   0.0000000e+00   5.5772364e+00   0.0000000e+00   0.0000000e+00   0.0000000e+00   0.0000000e+00   0.0000000e+00   0.0000000e+00
   8.2463887e-03   0.0000000e+00  -1.6811778e-01   0.0000000e+00  -4.0146890e+00   0.0000000e+00   0.0000000e+00  -8.5947501e-05   0.0000000e+00   0.0000000e+00   0.0000000e+00   2.2917661e-06
   0.0000000e+00   3.7263999e-02   0.0000000e+00  -4.1531114e-01   0.0000000e+00  -5.8382028e-01   0.0000000e+00   0.0000000e+00   0.0000000e+00   0.0000000e+00   0.0000000e+00   0.0000000e+00
   0.0000000e+00   0.0000000e+00   0.0000000e+00   1.0000000e+00   0.0000000e+00   5.4894915e-02   0.0000000e+00   0.0000000e+00   0.0000000e+00   0.0000000e+00   0.0000000e+00   0.0000000e+00
   0.0000000e+00   0.0000000e+00   0.0000000e+00   0.0000000e+00   1.0000000e+00   0.0000000e+00   0.0000000e+00   0.0000000e+00   0.0000000e+00   0.0000000e+00   0.0000000e+00   0.0000000e+00
   0.0000000e+00   0.0000000e+00   0.0000000e+00   0.0000000e+00   0.0000000e+00   1.0015056e+00   0.0000000e+00   0.0000000e+00   0.0000000e+00   0.0000000e+00   0.0000000e+00   0.0000000e+00
   9.9849667e-01   0.0000000e+00   5.4812389e-02   0.0000000e+00   0.0000000e+00   0.0000000e+00   0.0000000e+00   0.0000000e+00   0.0000000e+00   0.0000000e+00   0.0000000e+00   0.0000000e+00
   0.0000000e+00   1.0000000e+00   0.0000000e+00   0.0000000e+00   0.0000000e+00   0.0000000e+00  -8.6822825e+00   0.0000000e+00   1.5840000e+02   0.0000000e+00   0.0000000e+00   0.0000000e+00
   5.4812389e-02   0.0000000e+00  -9.9849667e-01   0.0000000e+00   0.0000000e+00   0.0000000e+00   0.0000000e+00   1.5840000e+02   0.0000000e+00   0.0000000e+00   0.0000000e+00   0.0000000e+00
