   8.2860857e-01   0.0000000e+00   0.0000000e+00   9.3525381e+00   5.7282336e-02   0.0000000e+00  -6.2615679e-01
   0.0000000e+00   0.0000000e+00   1.1442302e+01   0.0000000e+00   0.0000000e+00   3.6282597e-01   0.0000000e+00
  -3.2658708e+01   0.0000000e+00   0.0000000e+00   0.0000000e+00   9.9207314e-01   0.0000000e+00   4.8106397e+00
   0.0000000e+00   9.2688699e+01   6.6652268e+00   0.0000000e+00   0.0000000e+00   3.6969587e-01   0.0000000e+00
  -6.1877329e+01   0.0000000e+00   0.0000000e+00   2.2940583e-02  -3.1426969e-02   0.0000000e+00   7.3741104e-01
   0.0000000e+00  -3.5166471e+00  -1.2844850e+01   0.0000000e+00   0.0000000e+00  -2.0455832e-01   0.0000000e+00
   0.0000000e+00   0.0000000e+00   0.0000000e+00   0.0000000e+00   0.0000000e+00   0.0000000e+00   0.0000000e+00
   0.0000000e+00   0.0000000e+00   0.0000000e+00   0.0000000e+00   0.0000000e+00   0.0000000e+00   0.0000000e+00
   0.0000000e+00   0.0000000e+00   0.0000000e+00   0.0000000e+00   0.0000000e+00   0.0000000e+00   0.0000000e+00
   0.0000000e+00   0.0000000e+00   0.0000000e+00   0.0000000e+00   0.0000000e+00   0.0000000e+00   0.0000000e+00
   0.0000000e+00   0.0000000e+00   0.0000000e+00   0.0000000e+00   0.0000000e+00   0.0000000e+00   0.0000000e+00
   0.0000000e+00   0.0000000e+00   0.0000000e+00   0.0000000e+00   0.0000000e+00   0.0000000e+00   0.0000000e+00
